Summary Statistics for Air Quality Data
=====================================

Basic Statistics:
              PM2.5          PM10           NO2
count  17376.000000  17376.000000  17376.000000
mean      50.096682    155.814182     47.589935
std       38.097471     90.957899     34.030659
min        1.000000      7.000000      1.600000
25%       20.000000     84.000000     21.430000
50%       38.000000    141.000000     34.825000
75%       70.000000    219.000000     68.052500
max      155.490000    436.620000    141.530000

Missing Values After Cleaning:
PM2.5    0
PM10     0
NO2      0

Correlation Matrix:
          PM2.5      PM10       NO2       NOx       NH3     Ozone
PM2.5  1.000000  0.710988  0.590041  0.593062  0.344316  0.256144
PM10   0.710988  1.000000  0.583162  0.539525  0.246897  0.279562
NO2    0.590041  0.583162  1.000000  0.758749  0.322890  0.222114
NOx    0.593062  0.539525  0.758749  1.000000  0.312288  0.042726
NH3    0.344316  0.246897  0.322890  0.312288  1.000000  0.211235
Ozone  0.256144  0.279562  0.222114  0.042726  0.211235  1.000000